0.021042089238762857
0.01981958530843258
0.019748122841119767
0.01968957394361496
0.01952648248523474
0.019338189624249935
0.019110994562506676
0.01881327047944069
0.018713672123849393
0.018591911010444166
0.01854219175875187
0.018584480807185173
0.018720729164779185
0.01836541309952736
0.018153932802379133
0.01808855652809143
0.017977586276829244
0.01761710029095411
0.017713286355137824
0.017394701354205608
0.01702697291970253
0.016398400105535983
0.015818664841353892
0.01526368610560894
0.014794324301183224
0.014344118870794773
0.013949280865490436
0.013636478707194328
0.013332295268774032
0.013098017908632756
0.012887286730110645
0.012716800980269909
0.012576484717428685
0.012445711195468903
0.01234360545873642
0.012284608259797096
0.01222089845687151
0.012174234613776208
0.012093067578971385
0.012023074068129063
0.011980862244963647
0.011921052522957325
0.011818204075098038
0.011743501834571362
0.011685549058020115
0.011650933139026164
0.011618950068950654
0.011591486409306526
0.011571759916841983
0.01153876692056656
0.011497028544545174
0.01147059828042984
0.01147358726710081
0.011457923911511897
0.011409512236714364
0.011353021748363971
0.01130165085196495
0.011262438707053662
0.011243994571268559
0.011249383985996246
0.011249721981585026
0.011223882548511028
0.011177115626633167
0.011138691380620003
0.0111193922534585
0.011093292161822319
0.011074074637144804
0.01106047596782446
0.01104762015864253
0.01103950520977378
0.011038724035024643
0.011018188893795014
0.01098578367382288
0.010963719226419926
0.010958059430122376
0.010973568335175514
0.010982795506715775
0.010976913049817086
0.01095478679984808
0.010924760233610869
0.01089000828564167
0.01086340244859457
0.010838639624416828
0.010824050195515156
0.010821865666657686
0.010821450911462306
0.010827613547444343
0.010825078710913658
0.010810100696980953
0.010803445503115653
0.010792790800333024
0.010784174837172032
0.010783778950572014
0.01079004269093275
0.01080302257090807
0.010800060704350472
0.010789165943861008
0.010763604827225208
0.010728424228727818
0.010706296041607857
0.010707190558314324
0.010714463256299496
0.010703142508864403
0.010698227398097514
0.010701885372400284
0.010712475329637528
0.010695866439491511
0.010669591799378396
0.010655179172754287
0.010663970224559307
0.010657126326113939
0.010645150095224381
0.01064555749297142
0.010655857622623444
0.0106589962169528
0.010645999889820814
0.010629566200077534
0.010608948431909085
0.010594655591994524
0.010588779635727406
0.010578967779874802
0.010581658072769642
0.010570550449192523
0.010569305568933486
0.010573056116700173
0.01058468822389841
0.010579729974269867
0.01056404497474432
0.01054640844464302
0.01053251102566719
0.010531019307672978
0.010538188852369785
0.010533575303852558
0.010539841912686825
0.010540807861834764
0.0105509028211236
0.010557709075510503
0.010546367540955543
0.010542216375470162
0.010528472661972045
0.010508479177951812
0.010498815439641476
0.010491140503436327
0.010494553297758103
0.010486137848347425
0.010509125702083112
0.010523105803877116
0.010523896683007478
0.010518375895917415
0.010496603213250638
0.010485193617641926
0.010485591739416123
0.010499545149505138
0.010524501986801625
0.01051833748817444
0.010497706085443497
0.010483798384666444
0.010465051680803299
0.010456993132829667
0.01046213623136282
0.010463690832257271
0.010462771318852902
0.010444777011871338
0.010425927005708218
0.010409186072647571
0.010402696020901204
0.010394885316491126
0.01040155902504921
0.010428766906261443
0.010442086830735206
0.010462317410856485
0.010485100392252207
0.010486542228609324
0.010472972206771373
0.010445545352995396
0.010424543619155884
0.010408340934664011
0.010395504403859376
0.010401378311216831
0.010405801944434643
0.01043532345443964
0.010437688678503037
0.010413254350423813
0.010389413256198167
0.010375097766518593
0.010370590984821319
0.010556278973817826
0.010949007980525494
0.011077992506325246
0.010916728787124156
0.010501145906746388
0.010104865580797196
0.009779818244278432
0.009516995772719384
0.00935182860121131
0.00924099525436759
0.009076927863061428
0.008932145424187183
0.008792027346789837
0.008659890163689852
0.008586273528635502
0.008537484407424927
0.008505082745105029
0.008492556437849998
0.008428981769829988
0.008375081866979599
0.008329244051128625
0.008300770428031684
0.00825890427455306
0.008217076491564512
0.008185390047729016
0.008145520146936178
0.008102875165641309
0.00811312709003687
0.008144882135093212
0.00820035871118307
0.00817386819049716
0.008100061230361461
0.008041307050734758
0.008014183789491654
0.007994105629622937
0.007959933560341597
0.007951567471027375
0.007954490166157483
0.007978252172470092
0.007961940467357636
0.007915536239743233
0.007894811742007733
0.007874566987156868
0.007845779974013567
0.00782327763736248
0.007830701805651187
0.007831979878246784
0.007821926753968
0.00779462069272995
0.007762182597070932
0.007738516088575125
0.007730343099683523
0.0077231617271900175
0.007718379255384207
0.007716722227633
0.007727694921195507
0.007732203640043736
0.007710082102566958
0.007687964551150799
0.0076703387126326565
0.007683913577347994
0.007713573966175318
0.007779300939291716
0.007780112735927105
0.007753735780715943
0.007721872385591268
0.007697533369064331
0.007669846229255199
0.007642208058387041
0.007625214569270611
0.00760561665520072
0.00759157819673419
0.007589513044804335
0.007593243308365345
0.007599430195987225
0.007576331403106451
0.007561673652380705
0.007548894211649895
0.00752537963911891
0.007530059404671192
0.00754770977422595
0.00759524742141366
0.007611229587346315
0.0076151472888886925
0.007598472591489554
0.007569984029978514
0.007539956085383892
0.007512550726532936
0.007479211147874594
0.007463534455746412
0.007457991372793913
0.007459915056824684
0.0074605349637568
0.007460662797093391
0.00746464442461729
0.007465765308588743
0.007471496723592281
0.007473972849547863
0.007477672714740038
0.007488767243921756
0.007585073839873075
0.007643565572798252
0.007610081471502781
0.0075572489388287065
0.007500313632190228
0.007494659274816513
0.007504141516983509
0.007465679086744785
0.007431327998638153
0.007406552154570818
0.007391335237771273
0.007375782430171967
0.007375562135130167
0.007366666719317436
0.007369540594518185
0.007385509349405766
0.007409426253288985
0.007422895412892103
0.0074268440157175064
0.007423103172332048
0.007423213757574558
0.007413725629448891
0.007399787493050099
0.00737239059060812
0.00736600449308753
0.0073843043483793735
0.00740140151232481
0.007410777993500233
0.007408452108502388
0.007383394036442042
0.0073849686421453955
0.007400223203003407
0.0074033401720225815
0.00738873390480876
0.007360152322798967
0.0073295428417623045
0.007307555377483368
0.007292208708822728
0.007278791889548302
0.007276357170194387
0.0072786427848041055
0.007285146657377482
0.0073020485416054725
0.0073279767856001855
0.007335635926574468
0.00734512897208333
0.007330357618629932
0.00731952004134655
0.007316991835832596
0.007344406060874462
0.007347543928772211
0.007349786683917046
0.0073546265624463555
0.007350147180259228
0.007334781754761935
0.007320135105401277
0.007314535342156887
0.0073189959675073624
0.007324660737067461
0.007318556345999241
0.007295719515532255
0.007261911034584045
0.007240682598203421
0.007231784798204899
0.007237142287194729
0.007248174753040075
0.007260072752833366
0.007274654824286699
0.007279479224234819
0.00728135783225298
0.007285384982824325
0.007281432095915079
0.007276712507009506
0.0072677996754646305
0.007259478326886892
0.007241195607930422
0.007221642192453146
0.007235961239784956
0.007266122810542583
0.0072658096253871915
0.007257184311747551
0.007240286860615015
0.007230343762785196
0.007224295828491449
0.007221126612275839
0.007207981683313847
0.007202742695808411
0.007205359935760498
0.007205049116164446
0.007232423350214959
0.007264228705316782
0.007274919282644987
0.007263209242373705
0.0072530854120850564
0.007237792983651161
0.007217491641640663
0.007219215761870146
0.007232184857130051
0.007223699018359184
0.007221689280122519
0.007221081182360649
0.007216862645000219
0.00720868319272995
0.007191097941249609
0.007179482225328684
0.007173151690512896
0.007174215167760849
0.0071778613701462745
0.007178932167589664
0.0071866816096007825
0.007218296397477389
0.007270163130015135
0.007313809096813202
0.007353313472121954
0.007332111150026322
0.007295830622315407
0.007265034150332212
0.007219213750213385
0.007192668784409761
0.007180660311132669
0.007162147872149944
0.007150267586112023
0.0071446897089481355
0.007130284793674946
0.007121869288384914
0.007113665770739317
0.007111059240996837
0.007115879319608212
0.007120098788291216
0.007119206171482801
0.007127535827457905
0.007129045370966196
0.007134982850402594
0.007140252348035574
0.007150238305330276
0.00716535585001111
0.007160345818847418
0.007149072419852018
0.007180520500987768
0.0072082881815731525
0.007242308352142572
0.007260046303272248
0.007247806917876005
0.007205089889466763
0.0071710352972149845
0.0071448986232280735
0.007145318705588579
0.007144535668194294
0.007137868851423264
0.007147906739264727
0.007166937105357647
0.0071661296859383584
0.0071681513078510764
0.007154249455779791
0.007137263957411051
0.007125245202332735
0.007126189284026623
0.007123433165252209
0.007111854404211044
0.007112032156437635
0.007149417232722044
0.007211195509880781
0.00721737302839756
0.00721191443502903
0.007201524991542101
0.007182263713330031
0.0071786511875689026
0.007212990317493677
0.0072427096590399745
0.007270755972713232
0.007261316236108542
0.007202207501977682
0.0071434610150754455
0.0071006035804748536
0.007071993723511696
0.007054141331464052
0.007051306534558535
0.0070618254877626895
0.007085483465343714
0.007095236387103796
0.007097899168729782
0.007089712750166654
0.007083693537861108
0.007075208686292172
0.007069041002541781
0.007065128181129694
0.007076491452753544
0.007085902914404869
0.007094609607011079
0.007117919474840164
0.007120355144143105
0.00712218027561903
0.007130761053413153
0.007121724914759398
0.007117304857820273
0.007124987188726664
0.007122441101819277
0.007136807367205619
0.0071339266374707225
0.007109092082828283
0.007074239738285542
0.007048653457313776
0.007033653818070889
0.0070264611952006815
0.007070553470402956
0.007131112199276686
0.007169653028249741
0.0071710959076881405
0.007146686352789402
0.007122659906744957
0.00712212760001421
0.007098134644329548
0.007074599787592888
0.007049805149435997
0.007030269280076027
0.00702123211696744
0.007037226483225823
0.007134351991117001
0.00717067651450634
0.007156892623752356
0.0071413168497383595
0.007113745175302028
0.00707898611202836
0.007056821919977665
0.007045531570911407
0.007037342544645071
0.007028538640588522
0.007021170686930418
0.007020745277404785
0.007019575666636229
0.007020398247987032
0.00702644707635045
0.0070319736190140245
0.007040691003203392
0.007047306541353464
0.00704905267804861
0.007061052527278662
0.007115419749170542
0.00713451262563467
0.007114855628460645
0.007117360271513462
0.007102005183696747
0.007122418601065874
0.007139431964606047
0.007145357616245747
0.007103655003011227
0.007067596334964037
0.007040628604590893
0.007029273752123117
0.007025166694074869
0.007029909119009972
0.007027388513088226
0.007035475410521031
0.007049582786858082
0.007049051057547331
0.007045050822198391
0.007040176913142205
0.007024081815034151
0.0070133647881448265
0.0070071472600102425
0.007003461569547653
0.007003494836390019
0.007033525407314301
0.007052457053214311
0.007061100210994482
0.007059630230069161
0.007047778032720089
0.007039257939904928
0.007034411579370499
0.007048921845853329
0.0070805736444890495
0.007100454699248075
0.007122321669012308
0.007104315143078565
0.0070745331235229966
0.007072347085922957
0.007069978360086679
0.007061049994081259
0.007052887454628945
0.007032239772379398
0.00701617294922471
0.007009832412004471
0.006998195052146911
0.006991455424576997
0.007004888653755188
0.007008509263396263
0.007030695527791977
0.007051061987876892
0.007035570815205574
0.007029718607664108
0.007021152209490538
0.007020577527582645
0.007016045358031988
0.007010021265596151
0.007027983888983727
0.00703079592436552
0.007024527937173844
0.007013838123530149
0.006999877821654081
0.006989020481705665
0.006988669317215681
0.006996897272765637
0.00703814884647727
0.0070522072724998
0.0070556501671671865
0.007080945130437613
0.007093565538525581
0.007082778736948967
0.007073807083070278
0.0070385031402111055
0.007009094227105379
0.00698523748666048
0.006969728618860245
0.0069595021195709705
0.006953261811286211
0.006953042577952147
0.0069630490243434906
0.006982967145740986
0.006991929765790701
0.00699736800044775
0.0070107046142220495
0.007012114133685827
0.007019261717796326
0.007029195111244917
0.0070178573206067085
0.007004481181502343
0.006993582714349031
0.006989224832504987
0.00697990657761693
0.006985623259097338
0.006992854550480843
0.00698317026719451
0.006972764879465103
0.006969316937029362
0.006965773738920688
0.006965655088424683
0.0069693916849792
0.006977526098489761
0.006996342986822128
0.007009796984493733
0.00701408663764596
0.0070102294906973835
0.0070060274191200735
0.006994088403880596
0.007000022940337658
0.006999317910522222
0.006998129952698946
0.007011125590652228
0.0070295223966240885
0.0070374998450279235
0.007051173914223909
0.007081887740641832
0.007062411904335022
0.007040813099592924
0.00701482055708766
0.006980283055454493
0.006955141332000494
0.006939725074917078
0.006932409666478634
0.006925503369420767
0.006927021611481905
0.006934044025838375
0.006949542947113514
0.006985561065375805
0.00700783895328641
0.007025397885590792
0.007030306812375784
0.007021188344806433
0.006999733317643404
0.006986284218728542
0.006998024433851242
0.007052207011729479
0.007082982808351517
0.0070473458804190155
0.007025490961968899
0.007010667901486158
0.006981184594333172
0.00696532541885972
0.006958921272307635
0.006972033847123384
0.006970954649150371
0.006967410128563643
0.006959923300892115
0.006941536320373416
0.006933181136846542
0.00692920783534646
0.0069296486210078
0.006928216256201267
0.006934476569294929
0.006935493126511574
0.006938970033079386
0.006946663111448288
0.006960460282862187
0.006968705374747515
0.006979184970259666
0.007001748681068421
0.006994429659098387
0.006994314193725586
0.007010145783424377
0.0070151018165051935
0.007008054554462433
0.006999643072485923
0.006999396160244942
0.006985459439456463
0.006980716623365879
0.0069828245975077155
0.007003178894519806
0.0071306383982300756
0.007151886131614446
0.007104344367980957
0.007044601980596781
0.007002956233918667
0.00696471769362688
0.0069355636835098265
0.006918335258960724
0.006904438696801662
0.006898101381957531
0.006904033068567514
0.0069137393683195115
0.0069116511568427085
0.00690806545317173
0.006906844340264797
0.006910407729446888
0.006907814610749483
0.006902023330330849
0.006911422684788704
0.00696632694453001
0.007052288614213467
0.007070708815008402
0.007040360942482948
0.007008711136877537
0.007006948813796043
0.0069949421100318435
0.006968131922185421
0.0069454311206936835
0.006923348791897297
0.006916795149445534
0.006908621415495872
0.006900770198553801
0.006896260101348162
0.00688965680077672
0.006884365603327751
0.006883316524326801
0.006883601881563664
0.006883912310004234
0.00689068702980876
0.006897612307220698
0.0069055774062871935
0.006922324579209089
0.006951986681669951
0.006978249941021204
0.006993291527032852
0.007047630120068788
0.0070912498049438
0.007143680527806282
0.007126650046557188
0.00708601925522089
0.00705186378210783
0.006991166900843382
0.006943138781934977
0.006908271107822657
0.006885892190039158
0.006872501187026501
0.006866575870662928
0.006861941237002611
0.006861374303698539
0.0068703824840486045
0.006881202403455973
0.006882003545761108
0.006884176461026073
0.0068869955837726595
0.006892137844115496
0.006901262998580932
0.006910376641899347
0.006929764039814473
0.006934471838176251
0.006953054331243038
0.0069771033339202405
0.006983027849346399
0.006993115488439798
0.00700108204036951
0.006989048942923546
0.006970641557127237
0.0069595352001488205
0.006941564008593559
0.006920288940891623
0.006901617981493473
0.006892583258450031
0.006886739954352379
0.006882056184113025
0.006873628124594688
0.006871494613587856
0.0068831869214773175
0.006902883108705282
0.006907597463577986
0.006911071240901947
0.006914784852415323
0.006927606929093599
0.006959049599245191
0.006961541697382927
0.006950734090059996
0.006936668436974287
0.006914228275418282
0.006904532611370087
0.006899281851947308
0.006895950939506293
0.006888262815773487
0.006890841275453568
0.006888543479144573
0.006893393360078335
0.006919871382415295
0.006942417789250612
0.00695081727579236
0.006948673911392689
0.006923613883554935
0.006913405098021031
0.006909079886972904
0.00690293088555336
0.006894828621298075
0.006894733067601919
0.0069130128435790535
0.006943400576710701
0.006967424154281616
0.006953155472874641
0.006936836782842875
0.006916187033057213
0.006912608500570059
0.006925121024250984
0.0069361280277371404
0.006931158099323511
0.006921528652310371
0.0069213610887527465
0.0069200551137328144
0.006906861308962107
0.006904040053486824
0.006909742038697004
0.00692049415782094
0.00693671740591526
0.006936436407268047
0.006919143795967102
0.006904497016221285
0.006896930132061243
0.006898387111723423
0.0069022558443248274
0.006894059833139181
0.0068758496455848216
0.0068711451441049575
0.006868209186941385
0.006865111226215958
0.006867853347212076
0.006872042212635278
0.006876217760145664
0.006892509926110506
0.0068935810029506685
0.0068995382636785505
0.00691255072131753
0.006915479768067599
0.006917548514902592
0.006920801624655724
0.006925198882818222
0.006920730508863926
0.00693708784878254
0.006939712259918451
0.006931664012372493
0.006919468007981777
0.006926963273435831
0.006956068053841591
0.00696453595533967
0.0069472469016909595
0.006921797599643469
0.006893641594797373
0.00687703525647521
0.006861924882978201
0.0068504025414586065
0.006846491005271673
0.0068411358818411825
0.006847523897886276
0.006889277826994658
0.006925200689584017
0.006948697678744793
0.0069477463327348235
0.0069458729773759845
0.00694481996819377
0.006959052141755819
0.006973103005439043
0.006972443591803312
0.0069866786152124405
0.006949356347322464
0.006905166245996952
0.0068883119150996205
0.006882182043045759
0.006869439985603094
0.006858183834701777
0.006859805099666118
0.006862498596310615
0.006856605354696513
0.0068556229583919045
0.006857689451426268
0.006863832604140043
0.006864912658929825
0.006863246839493513
0.006859756223857403
0.00685968054458499
0.006860932931303978
0.006865087542682886
0.006862518060952425
0.00686143659055233
0.006858912464231252
0.006856858301907778
0.006861064918339253
0.0068655407987535
0.00686598751693964
0.006866585444658995
0.006879245676100254
0.006893626991659403
0.00691548153758049
0.006919392589479685
0.006932379696518182
0.006934950146824121
0.006940673999488354
0.006925376057624817
0.0069143188185989855
0.0069208950921893116
0.00693020524457097
0.006928803455084562
0.006950443424284458
0.006953613217920065
0.006942812744528055
0.006924147456884384
0.006913085505366325
0.006897151730954647
0.006874392181634903
0.006855424642562866
0.006856053303927183
0.006857590954750776
0.006850677225738764
0.006856500077992678
0.006864859815686941
0.006862209402024746
0.006859371457248926
0.006861971411854029
0.0068573464080691334
0.006862318329513073
0.006868083588778972
0.006864191312342882
0.0068505039624869824
0.0068443529494106765
0.006849557850509882
0.006853097882121802
0.0068643887527287005
0.006888400968164205
0.006991535983979702
0.007025780510157347
0.0069989957660436634
0.0069741087220609186
0.006940147336572409
0.006905958279967308
0.006886707171797752
0.006871315445750952
0.006855277866125106
0.006845942977815866
0.006834062095731497
0.006824994049966335
0.006820475161075592
0.006816874612122774
0.006815098524093628
0.006820564586669207
0.0068221909925341604
0.0068366977758705615
0.006860078312456608
0.006877625901252031
0.006889524925500154
0.006912347469478846
0.0069084265828132626
0.0068844473175704475
0.006870177146047354
0.006881881821900606
0.006907033510506153
0.006911119036376476
0.006891475152224302
0.0068699770979583265
0.006850903704762459
0.006833501029759646
0.006825484409928322
0.006820244081318379
0.006820420194417238
0.006826304979622364
0.00682981675490737
0.006834962870925665
0.006841683145612478
0.006847359891980887
0.006887577045708895
0.006905473321676254
0.006903354153037071
0.006895606145262718
0.006888394001871348
0.0068763111531734466
0.006861725077033043
0.006869325395673514
0.006894159177318215
0.0069124985300004485
0.006941356379538775
0.006949207372963428
0.006923048999160528
0.00688575305044651
0.0068563212547451255
0.006840885877609253
0.0068283301778137686
0.006827229056507349
0.006824622265994549
0.006839079279452562
0.006847286764532327
0.006847209502011537
0.006843045074492693
