0.010711080832124659

0.01023684812455692

0.010156978803658576

0.010141772556711327

0.010103922478403107

0.010162772526117888

0.010067270356089328

0.00987991733674073

0.009873149987084396

0.009906128966108416

0.009807854608604403

0.009885876524177465

0.009904048786583271

0.009884021689438006

0.00975010520073049

0.009777854993995843

0.009765629487281496

0.009694872106510129

0.009660320977369944

0.009601746749302203

0.009566554489235083

0.009504861283031378

0.009482370252071909

0.009356690796487259

0.00921860272347024

0.009160461800285813

0.008968905672769655

0.00868939240745297

0.00829693093670137

0.008088871180503205

0.007669543410002282

0.007251758530566638

0.007057976527986201

0.006675408990827926

0.006407055813311176

0.006208905145864595

0.006055038880951928

0.005922119514170018

0.00579811879574801

0.005701503737575628

0.005637503772353132

0.005566854432055896

0.005504262227931935

0.005461268483266009

0.005411740505334103

0.005359982023946941

0.005329160704136346

0.005324263968787184

0.005301530998567063

0.00529373607908686

0.005253291618304722

0.005246715038083494

0.005278870290512163

0.005243308362409924

0.005198703320330065

0.005167088453714369

0.0051192435979222255

0.005143447391067942

0.005128354980666755

0.005134480860733399

0.005158099409362132

0.005120521376022335

0.005080154257346735

0.005086236555750172

0.00506877259943973

0.0050895833128103704

0.005053277011029422

0.005045101032451246

0.0050516550915993075

0.0050412436777895146

0.005023087127924417

0.005053911125287414

0.005050492042562727

0.005046185793947767

0.0050125054408316355

0.005017646048641341

0.004992887335406108

0.004980867830895339

0.004982976112373624

0.005000717969695953

0.0050174848416425066

0.004960222265005789

0.005065177574358655

0.005209294549951499

0.005093257299229277

0.005019370385332767

0.004989040645093403

0.005186435223246614

0.005067671980765282

0.004978525812144984

0.004932365429615884

0.004900707013086613

0.004877636113881387

0.004884828753402513

0.004909295504066077

0.004903554249639538

0.004884639028177568

0.004875399468635971

0.004867804931674265

0.004870880338730234

0.00486490004131514

0.004883388586511666

0.0048643188431125245

0.0048570702078216

0.004863139668790002

0.0048520282602332755

0.004869261206212369

0.00486334034763841

0.004868483654166938

0.004895316345165625

0.004888307581881456

0.004889278940743569

0.004876492181651745

0.004867777775154646

0.004891276574750064

0.004936272821699579

0.004948727910011781

0.00493935782067252

0.004907360251033397

0.004882410817751379

0.004870329673091571

0.004889378634591897

0.0048337918565128785

0.004865299991444882

0.004866971507329832

0.004828830845795121

0.004816022719200136

0.004802487515421076

0.0048208846569512825

0.004805711062737938

0.004794261167813657

0.0048301182263954115

0.004820700173943557

0.0048194140456899095

0.004896148563023995

0.004847501637414098

0.00485812100779378

0.004867731805213473

0.004824057736462264

0.004818923009390181

0.004792752615740579

0.0048018433435848265

0.004787083644645683

0.004786339038136331

0.004785643410727833

0.004800689410220719

0.004789407520244519

0.004804978916195758

0.004821578393492735

0.004848778635884325

0.0048710249583095765

0.004842553044330667

0.004886506051248448

0.004932238762690263

0.004987651298782139

0.004973541479557753

0.005043088112760222

0.004921736915341832

0.004859668068644224

0.00481313622246186

0.004789481059450543

0.0047686969699112305

0.004753918524577536

0.004755958561983072

0.0047495663695206695

0.004744633058594031

0.004737703214314851

0.004735478789150489

0.004748474573716521

0.004767801242203198

0.004745203310228659

0.004753572689933759

0.004757696371102197

0.004756878983850281

0.004780332642522725

0.0047808574815986285

0.004803163944884684

0.004788892167253476

0.0047879838737461605

0.004771084644634164

0.004757247272540222

0.004758866196921604

0.004747594480938984

0.00475275095298209

0.004752919254260081

0.004759035246079844

0.004755384144091019

0.004782056446525861

0.0047610123909896974

0.004780956371122915

0.004770683872541695

0.0047757897180307545

0.004758020344359631

0.004794172240618729

0.004757005174531404

0.004749033769423311

0.004758393275551498

0.004743608374459048

0.004754806851093291

0.0048797789671825185

0.004934410141272979

0.004993166922676292

0.0049024199939925565

0.004816923787902025

0.004779235089451752

0.004752292223698037

0.004736180625376151

0.004727415214857143

0.004752254314635965

0.004747794464823197

0.004713877788603757

0.004711902026566818

0.0047059845616758775

0.004712999756024642

0.0047123692083087835

0.004722217761093017

0.004727476085959511

0.004728254851546477

0.004739000363218965

0.00475631952709095

0.004730986836930793

0.004736686742751662

0.004743618915337279

0.004757358911306117

0.00479280627262073

0.00480151477368605

0.004975347836135012

0.00489177712535655

0.004803632897550635

0.0047505465688917675

0.0047411511680393505

0.004722881494231071

0.004712473392966344

0.0047236379151317206

0.0047100089123529015

0.004703175534042671

0.004694034056173581

0.004695886731937979

0.00471309163593546

0.004704960374951814

0.004712699672602343

0.004723465186543763

0.004715627299226595

0.004721524878263925

0.004732128063386137

0.004724958858622069

0.004738068582038536

0.004741372861617217

0.004740009938056271

0.004736625578847121

0.004739120165168336

0.004735531186628522

0.004740183562689433

0.004741444816869317

0.0047249943017959595

0.004712607566916356

0.004718986727918188

0.004703042090334224

0.004705430833961476

0.004711884761821817

0.004705182107334787

0.0047138374277644534

0.004706241853648063

0.0047018076363725195

0.004716649510417924

0.004715425413892124

0.004723530869479432

0.004726497361182489

0.004737972133708271

0.004737543891127588

0.004739919987817605

0.00474385884026009

0.004738977260069188

0.004740514157509262

0.0047399466751482

0.004745222515229023

0.004716296807270159

0.004718920021938781

0.004706759598444809

0.004696748536926779

0.004713079387632509

0.00470250015231696

0.004692253483826238

0.004690604594846566

0.004691724884182666

0.004711834770260435

0.00473498080320882

0.004720029198903252

0.004745678979705906

0.004707759690724991

0.004706356512156852

0.004697446898331471

0.0046962805684994564

0.004691806780597703

0.004697592988977152

0.004714332302242066

0.004699950942515649

0.004723993394608525

0.004728493181932153

0.004813407336107709

0.004989171181946542

0.004901983154316743

0.0047969224079596725

0.004735397626504753

0.004696064656882575

0.004680086847987364

0.004673040249723603

0.004672225070835063

0.004666737915778702

0.004666850221286894

0.004669830654606674

0.004672462388760213

0.0046808795128582105

0.004678319141296952

0.0046901047850648565

0.004683650913648307

0.004686467846940187

0.004683226932573951

0.004679962918585675

0.004678318756773617

0.004678145206222932

0.004667387456830704

0.004698363005776297

0.004691176419851907

0.004696396186552716

0.004698141844886722

0.004706248905594376

0.004736378231565609

0.004753881938416849

0.004763500144084294

0.004754201322088413

0.004728390951640904

0.0047233747635883365

0.004718906775286252

0.004686915477963559

0.004673400262342484

0.0046668650377824

0.004670925022131114

0.004665418704407233

0.004678622293850463

0.004667333782311867

0.00467569806090923

0.004669936042222561

0.004672816675861903

0.004673065973981989

0.004701510858439812

0.00468731101842202

0.0046881759842631945

0.004706542575590764

0.00470273973504928

0.004702171966941519

0.004700959413171266

0.004702350653877313

0.004691790041485519

0.004704327954007595

0.004731114322291405

0.004721466021499399

0.004697587693843878

0.0046854093035852366

0.00467926821191654

0.00466815341673227

0.004667652732071777

0.004661537745657067

0.004674947852353481

0.004673922247479133

0.004693507823641553

0.004670588433686079

0.00467973326643308

0.004676074061232309

0.004703525136309591

0.0046943206318908115

0.00468559931455688

0.004685521672592696

0.004692690581026854

0.004684894007037987

0.004694920682320089

0.004699745596471158

0.004716810156506571

0.004683045585724441

0.004683876269017205

0.004666099363627533

0.0046678901875786705

0.004679124932877268

0.004679370315209257

0.004683363057362537

0.004689325814869142

0.004906082603459557

0.005238068917991988

0.005001166584957956

0.004832523987826073

0.004760788630157935

0.004719785679216412

0.0046931196349870525

0.004673544560897757

0.00466996628198434

0.004673176459177877

0.004679783042802504

0.004664953854499441

0.0046526795380156145

0.004666305242360316

0.004655451626714432

0.004652758054858582

0.004663346885618838

0.004667779423691558

0.004658776226058377

0.00469616172256682

0.0046752742809158835

0.004703288054742822

0.004692077608496854

0.004693657410274626

0.004682468095173438

0.004674864230875039

0.0046672843939935165

0.004667364773481633

0.004657558165490627

0.004672071219167926

0.004668759189151002

0.004668150735652131

0.004697771732356738

0.004677192124566345

0.004679082981028566

0.004673785328949717

0.004669777773828669

0.004683456976305355

0.004705923623546507

0.004674916272051632

0.004679994389527675

0.004673800692244461

0.004679257685149258

0.004655566599191816

0.004674319273114882

0.004671143163277796

0.004665533225334278

0.004658590850533184

0.004665217002515088

0.004662233902226118

0.004682994433537577

0.004678600630017392

0.004686272283310465

0.004720656148327345

0.00477702223879257

0.004741528459514181

0.0047149148233460655

0.0046937072430878425

0.004682097573425959

0.005008923845845416

0.00502259141737313

0.004815818614919077

0.004734375228343362

0.0046901605691704335

0.004679482705383139

0.004661459694475387

0.004669488707529099

0.004656064765048072

0.004648416197266091

0.004647693254589809

0.004651015253991566

0.004646543071210159

0.004654838266133359

0.004682849341241474

0.004675343043565976

0.004640982098256548

0.004663626740997036

0.00468970007249013

0.004692671704106033

0.004702038173987107

0.004699940313443993

0.004678312547956452

0.004657591082804808

0.004650558429685506

0.004654692962173034

0.004654005004064829

0.004668368100696666

0.004647575907945407

0.004644573306326161

0.004649348761604139

0.0046527785898158045

0.004642932478225593

0.0046567357053528685

0.004669521406123584

0.004670532279168115

0.004669085571852823

0.004679674166254699

0.0046815951354801655

0.004673790214865497

0.004667622220674248

0.004671161934366506

0.004688031283545901

0.004671504308300262

0.004668683716745088

0.00465251878256712

0.004650785591255761

0.004661552456320461

0.004657258036207746

0.004671252946454016

0.0046827376954201045

0.0046733296088253455

0.004682641529308801

0.004663310405290263

0.004681265031015782

0.004687632130684726

0.004691226090389219

0.00469839728479697

0.004667477167183251

0.004653655415908856

0.0046479619164584264

0.004670148676571746

0.004644380808299916

0.004659093373144667

0.004647792959021348

0.004658110404500004

0.004659393019127575

0.004659995814136258

0.004665466879184048

0.00469802996623471

0.004710947011710342

0.004830304275718377

0.004789035862565718

0.004743529899948926

0.004709829174151475

0.004655769606346659

0.004649384310610141

0.004649972585453229

0.004639003574001518

0.004660307905975391

0.004639701473272659

0.004640215506890055

0.004637489162357242

0.004646764666011388

0.004648916702011995

0.004644303737829129

0.004643596687608145

0.0046559909189289265

0.004651801748850355

0.004649307046113818

0.004674897663238825

0.004664310635152188

0.004652058691576574

0.004654396134852009

0.0046577564666442795

0.004666189095146503

0.004665923389521512

0.004674202632017885

0.004691171466909123

0.004667017414855461

0.004680426417370186

0.004670859660219514

0.004667303373218711

0.004657798855932373

0.004653324404816059

0.004666857026291616

0.004654852694577791

0.004659370035920857

0.004653183147170101

0.004657795945549327

0.004644774101589891

0.004648833623805055

0.004648490138634136

0.004658005517822775

0.004696045437771262

0.004665696277339576

0.004662824893426715

0.004687987419663731

0.0046887266181522246

0.004772866345857355

0.004933582026172768

0.004845771211848566

0.004595846530388702

0.004488065006267844

0.004371827009670211

0.004273826799665888

0.004272242313053346

0.004259271610697562

0.004187848277841554

0.004020112640732391

0.003921100421752216

0.0038016815881498837

0.0037275340944302807

0.0039141792874557504

0.003745981791959793

0.004023557158441029

0.00385073227384551

0.003810531872493977

0.0037240904410172143

0.003641021099280227

0.003560079561518223

0.0035149696297153378

0.0035046945311919308

0.0034815416332672944

0.00349178861749048

0.003467227974342126

0.003439511638134718

0.003441580869328005

0.003417324532303169

0.003396417702209543

0.003390522730169874

0.003374412338334051

0.003360994110787005

0.0033665774637043023

0.0033487582748586483

0.0033579024761407213

0.00336481882858965

0.0033724654155472913

0.0033733660362265778

0.003343753968224381

0.0033288070416981072

0.00332396988806343

0.003326869746105689

0.0033212819006152904

0.0033211580646986313

0.0033154145772145553

0.0033402609335484376

0.0033242279720125775

0.003342888039310999

0.0033597522644523642

0.0033193261708330474

0.003287655491889878

0.0033020382979884744

0.0033036229257104974

0.003323672577442432

0.0032973192071288145

0.0032878003196057043

0.003268614174995684

0.0032556959688945703

0.0032739053466216183

0.003249943921356603

0.0032497545436137552

0.00325638868768389

0.003245439248117195

0.0032446015710857782

0.003243189021084232

0.0032993538365134914

0.0032991788166603355

0.003290972877011606

0.0032687684746854234

0.003250727426458263

0.003241459094693489

0.003220645142860259

0.0032140759991086793

0.0032513454912766588

0.0032315034380493066

0.0032295392381704664

0.003256723815645797

0.003264275275410689

0.003264363763402357

0.0032663646570378633

0.003252470834096047

0.0032272199909626083

0.003203556188523318

0.003210091668844336

0.0031943955091816006

0.0032159378364061317

0.003200979793980492

0.003193661923322714

0.0032106707962653177

0.0031998431959161253

0.0031985684604892

0.003196802369502345

0.0032232950907200575

0.003230344470604464

0.003417180582993861

0.003844555460311698

0.0034962970530614257

0.0033211319312227497

0.0032386139747827792

0.003193939787293361

0.0031816239934414625

0.0031601180195469747

0.003165208921541996

0.0031580849811716966

0.003154246790941353

0.003162776749708097

0.003153725320854309

0.0031574982073807128

0.0031621608121151275

0.0031543708579247873

0.0031681796183075867

0.0031690794805234127

0.003191535481054223

0.0031995328220849237

0.003206079483568443

0.0031829992587903908

0.0031819765748823006

0.003171418782916259

0.0031556779726859972

0.003162763249058502

0.0031573034868801406

0.003159149906202925

0.0031459426161635556

0.0031547401008675947

0.0031601970690782323

0.0031492821096132198

0.003152173670417996

0.0031588067861527884

0.0031653681777022553

0.003179097608098704

0.003183006654691064

0.003180194494427379

0.003171358753179172

0.003176702583335679

0.003187760640161507

0.0031660312899585924

0.0031620737669679024

0.0031630473500682097

0.003171463512857868

0.0031703484763221986

0.0031689412373287432

0.003160832216963172

0.0031464086125858807

0.003145304691949577

0.0031430521366101775

0.003135965292158565

0.0031394435173944767

0.003138059004082937

0.00315838823779345

0.00316715746356005

0.0031677810334120736

0.0031813262647836273

0.0031742086743399727

0.0031711499129111567

0.0031420693267136812

0.003139448184590561

0.003128780064412929

0.003123058231942581

0.0031269413285013852

0.0031624881314311288

0.0031495208033558092

0.0031747473738946473

0.0031951513621165896

0.0032198501796687415

0.003195881249143206

0.0031706396416252987

0.0031633452339464743

0.003151883503464474

0.0031289597761563277

0.0031095256369250515

0.003106351943587828

0.0031018543328779438

0.003122825554755488

0.0032398928394258924

0.0032185103310356762

0.003239621344784444

0.0033651916116165617

0.00325562898246007

0.003201660365007366

0.0031537132013137593

0.0031166918325294373

0.003107028170206556

0.003101296729944421

0.0030965618648086534

0.003095928177406842

0.003105263084624753

0.0031180582926467514

0.003125079824575082

0.0031219429519930572

0.0031165574222210457

0.003102161676383041

0.003102179117514893

0.003101557239212773

0.0031083898079073565

0.0031272566288173425

0.003124871472898645

0.003125403751971934

0.0031317212110893292

0.003123737044392549

0.0031315283514700377

0.0031142993512648072

0.003118878463283181

0.0031129507908851588

0.0031070751526082554

0.003110110535723806

0.003117638474302084

0.003106380777546402

0.003115594572260637

0.003125584017570046

0.0031209875032249274

0.0031481927655863037

0.003137712148159291

0.0031477163658674917

0.003149111880426944

0.0031361447992932162

0.0031379624851979315

0.0031239392419317455

0.0031042741823264146

0.0031017468515501328

0.0030929192399718995

0.0030865547120232473

0.0030858076290425024

0.00309956421595857

0.003134534242704059

0.003156375349852059

0.003146584075170033

0.00315201363991946

0.00312136403270856

0.003100244372476344

0.0030935335618613117

0.0030963513276991293

0.003102321114221757

0.003102730493992567

0.003101142500809422

0.003102337661072273

0.003088651690632105

0.0030995653060293107

0.0031189751603189065

0.0031127206889460936

0.0031143364718776534

0.0031047436923748164

0.0031022981257234333

0.003109503283419392

0.003125055881823893

0.003127136507607771

0.003119173798371445

0.0031205190814833977

0.0030998918280767448

0.0030970964263277974

0.003085026542204573

0.0030919851481237197

0.0030951905452335873

0.0030804945272393525

0.003076796804441873

0.0030941076992982717

0.0030909455734107532

0.003085089858028699

0.0031129705797260008

0.0031433744994556587

0.003127244703302329

0.003119090647845896

0.003103856455929803

0.003086574876568083

0.0030780658866702156

0.0030765843217853794

0.00307727151437465

0.0030757809396494517

0.0030843961902781193

0.0030972518196160145

0.0031075061856289253

0.003108695837330412

0.0031220531779002736

0.0031316752640784466

0.0031368042356475735

0.0031371471052283814

0.0031176564710525176

0.003096212812868709

0.003098788064424739

0.0030712181980947426

0.003076524761237317

0.003074761206693383

0.0030709091118875553

0.00308561728469971

0.003098372918567761

0.0031133549249110124

0.0031989311347856665

0.0031743399255598583

0.0031507392308082094

0.0031104588627137923

0.003091238285626539

0.003064941009859357

0.003067298801121951

0.0030887191286169445

0.0030616702843513904

0.003069583120205524

0.0030680363768514135

0.003076952467601972

0.003075922038547243

0.003090809933686008

0.003078227363540932

0.0030781273310298493

0.003088028939215071

0.003102615856650201

0.003109434545463459

0.003087215781719847

0.0030742447265903606

0.003072155731250391

0.0030665527006159678

0.003072084629710651

0.003056351368837623

0.003071046757130799

0.003068207449166838

0.003079419611656869

0.003072782835894913

0.0030724824649620464

0.003075156260324134

0.003091399220989622

0.0030798146882179108

0.003084966073264227

0.0030880547199172506

0.003101528578113313

0.0031010787546013794

0.0030947754293623748

0.0030946530733313975

0.003086533325117533

0.003102461853290372

0.003125243358116484

0.0031537606123355076

0.003163738252072962

0.003146987367830606

0.0036087524442171507

0.0034551501457551212

0.003603090592095572

0.0033031745432791386

0.003170314523617201

0.003113057882398028

0.0030966043987339644

0.003084890974798437

0.003073044459928166

0.0030579962273777433

0.0030569652621069868

0.0030477100958567903

0.0030514066403901034

0.003040542438005408

0.003050048668008072

0.0030475081399675796

0.003045172000190977

0.0030487169472811124

0.0030449114397704375

0.0030497917041154296

0.0030560508903087766

0.003058276659540945

0.003068399354533264

0.0030759227141088836

0.0030988876436216137

0.0031015196035503213

0.0030963756814316816

0.0030765484464637034

0.0030584356793428233

0.0030582531048408287

0.0030637439957706993

0.003059214508429057

0.0030684934181133003

0.0030653893834713735

0.0030711085930692425

0.0030594367593893726

0.003066366116840844

0.0030666938806517105

0.0030583523982910046

0.003061949381266128

0.003083640374384369

0.0031026579143310137

0.0030937988847268352

0.003085997652361226

0.003088833037481615

0.0030686215261194966

0.0030734011194330046

0.0030668756226077676

0.00308519767096379

0.0030817406932879803

0.003080753013350521

0.003075984207856836

0.003061336461652183

0.00306759082190128

0.003055101324042136

0.00306192733467359

0.0030592547457975647

0.003069394834297286

0.0030603282414658956

0.0030768561586173196

0.0030798619493108354

0.00307746086565947

0.0030643186888262403

0.0030599869346725895

0.0030609353385498803

0.003065152469472113

0.0030905708271981866

0.0031419780112407875

0.003206156261237056

0.0031703019031379936

0.0031266652072328284

0.0030782480008025286

0.003067886894286582

0.0030509202324813514

0.0030478357326832006

0.0030424755602849254

0.0030449783221366956

0.0030336849264461885

0.003027320479635488

0.003028175310288189

0.0030322464070085325

0.0030433606765599866

0.0030597009216294145

0.0030568831169864898

0.0030682146016536562

0.0031013910369383116

0.003116917358993581

0.0031326292347247627

0.0031094399711230035

0.0030770452523773365

0.0030725827373592465

0.003056750313562313

0.0030437525058390966

0.003058065716741663

0.003061236362114097

0.0030532269385840855

0.00304910179516865

0.0030486037580747948

0.003053954957673947

0.0030633773704087644

0.0030498338288232458

0.0030503034676340494

0.0030383766473581395

0.003046730778419949

