0.021884708553552627
0.020021121576428415
0.01998333640396595
0.01977116525173187
0.01975984588265419
0.01944595091044903
0.019181039594113828
0.018846395909786224
0.01882045030593872
0.01861013498157263
0.018589480593800545
0.018561146296560763
0.018637463822960852
0.018521992079913615
0.018393535278737546
0.018205653801560404
0.018141708076000213
0.018020590059459208
0.018221414610743523
0.01814887475222349
0.018125773407518864
0.018151855170726774
0.01777620252221823
0.017769297808408736
0.01778728626668453
0.01768065948039293
0.017644929364323617
0.018036435842514038
0.017864561267197133
0.01797698136419058
0.017664506658911706
0.017324280738830567
0.01722597874701023
0.017044215463101864
0.017057399041950704
0.016962404176592828
0.01674172852188349
0.016386489681899548
0.016087213307619096
0.01564546000212431
0.015215998888015747
0.014797735810279846
0.014361852742731572
0.01385833252221346
0.013515747003257274
0.013069261573255062
0.012499196976423264
0.012151939012110233
0.011826825030148029
0.011485196910798549
0.0112124827131629
0.010969786681234836
0.010761472284793855
0.010569368675351142
0.010343514271080495
0.010142485313117504
0.010019916072487832
0.009908564686775208
0.009742566756904126
0.009586315415799618
0.009463651161640883
0.009359478577971458
0.009247375186532736
0.00917548205703497
0.009081202652305364
0.009022491984069347
0.008975180517882108
0.008925463389605284
0.008858016654849053
0.008810232020914554
0.00877997875213623
0.008738609235733748
0.008691529985517263
0.00864995026960969
0.008607335146516562
0.008570013530552388
0.008513966482132674
0.008453959710896014
0.008413870818912983
0.008391934297978878
0.00837009796872735
0.008377934321761132
0.008357670959085226
0.008325430490076542
0.008288858495652675
0.008258201573044062
0.008244515862315893
0.008232679553329944
0.00823356579989195
0.00821340100839734
0.008167602159082889
0.008142571952193976
0.00810587551444769
0.008071089461445809
0.008071035500615836
0.008079113960266114
0.00807791916653514
0.008045535255223512
0.008007843792438508
0.007983613759279251
0.007986443135887384
0.0080021395906806
0.008019102364778518
0.008030521981418133
0.0080354331061244
0.0079843819886446
0.00793029049411416
0.007906325832009316
0.007885638698935509
0.007853141389787197
0.007837000600993634
0.00783783070743084
0.00786066533997655
0.007851743455976248
0.007836857046931982
0.007831200547516346
0.007798149473965168
0.0077580010145902635
0.007739867921918631
0.007741661425679922
0.007728486824780703
0.007709975410252809
0.007686167396605015
0.007680912036448717
0.007682206053286791
0.00768838681280613
0.007700991481542587
0.007717974241822958
0.007712862193584442
0.007694234326481819
0.007671587709337473
0.007663011085242033
0.007645116541534662
0.0076473324559628965
0.007622754871845245
0.007618856467306614
0.007614472638815642
0.007606751136481762
0.0076015893928706646
0.007614705227315426
0.007634220235049724
0.0076647806912660595
0.0076640393771231176
0.007653182912617922
0.007637635394930839
0.0076126293465495105
0.007621347531676292
0.0076084652543067935
0.007635379340499639
0.007654845528304577
0.007640318479388952
0.007654600497335196
0.007653227057307959
0.007622711919248104
0.007592692114412785
0.007543556615710259
0.007497843652963639
0.00747230539098382
0.007444916032254696
0.0074357310682535175
0.007423699144273996
0.00741553446277976
0.007430623341351747
0.007491164710372687
0.007526990417391062
0.007546804323792458
0.007509658597409725
0.00745780223980546
0.007416793797165156
0.007392688151448965
0.007372283395379781
0.007369128502905369
0.007376749198883772
0.007379977367818356
0.0073812025226652625
0.007387399561703205
0.007404289897531271
0.007422396745532751
0.0075224581733345985
0.007613712269812822
0.0076759721152484415
0.0075940007343888285
0.00750989006832242
0.007472052127122879
0.0074623127281665804
0.007422909289598465
0.007384920958429575
0.00738489355891943
0.007381221279501915
0.007359734270721674
0.007335633505135775
0.007306893486529588
0.007296163272112608
0.007286172993481159
0.007286426369100809
0.007301109433174133
0.007311650868505239
0.00731900492683053
0.007336497008800506
0.007368437871336937
0.007391638271510601
0.007401800602674484
0.007374722696840763
0.0073534690402448175
0.007355853226035833
0.007344747819006443
0.007324298936873674
0.007305882964283228
0.007301772609353065
0.007296030521392822
0.007283693272620439
0.0072769132442772385
0.0072860726527869705
0.007295772917568683
0.00727859353646636
0.007286735903471708
0.007314654383808374
0.0073485481180250644
0.007330808825790882
0.007304976116865873
0.007317911423742771
0.007391302473843097
0.007414700724184513
0.007376673836261034
0.007351845819503069
0.007337773200124503
0.007408614046871662
0.007422326803207397
0.007390559446066618
0.00733576238155365
0.007279400490224361
0.007236191742122173
0.0072107531502842905
0.007198538407683372
0.007183104902505875
0.007185303494334221
0.007180864792317152
0.007193323336541653
0.007204261794686318
0.007210024613887072
0.007207024116069078
0.007194160707294941
0.007181668896228075
0.007182312048971653
0.007187832966446876
0.007221034038811922
0.0072372684814035896
0.007226513642817736
0.007228346485644579
0.007217498440295458
0.007196203432977199
0.007178965620696544
0.007177984695881605
0.007185833770781755
0.007207814957946539
0.007199373487383127
0.007180804032832384
0.007171055674552918
0.007166875414550304
0.00717042488977313
0.007175785545259714
0.007204527501016855
0.007204333897680044
0.00719035753980279
0.0071741374582052235
0.007190465144813061
0.007224978897720575
0.007239633705466986
0.007241999711841345
0.007208443395793438
0.007172102387994528
0.007146048173308372
0.007121073491871357
0.00711653858423233
0.007116692345589399
0.007114805653691292
0.007116728667169809
0.007137484755367041
0.0071503216587007045
0.007138453330844641
0.0071198689378798
0.007109333481639624
0.007118026334792376
0.007162565141916275
0.00724323995411396
0.007334400005638599
0.007386379893869161
0.007335345596075058
0.007266537640243769
0.007196806836873293
0.0071473634243011475
0.0071121687442064286
0.007089973241090774
0.0070728201977908614
0.00706529151648283
0.007063552923500538
0.007057019099593162
0.007054490130394697
0.0070689600519835945
0.007077387943863869
0.007077265549451112
0.007072435077279806
0.007083838302642107
0.007127478253096342
0.007179898731410503
0.007176151778548956
0.0071461725421249865
0.007108964193612337
0.007092441916465759
0.007077363692224026
0.007102610822767019
0.007124038822948933
0.007143098767846823
0.00715751925483346
0.007149087749421596
0.007126538101583719
0.007094548419117928
0.0070752124488353725
0.007153802402317524
0.007166830990463495
0.0071440905518829825
0.007118478994816542
0.007086209431290627
0.00709425238892436
0.007093072310090065
0.007085570730268955
0.0070624520629644395
0.007047305591404438
0.007036805618554354
0.007035995163023472
0.0070272314734756945
0.007029995862394571
0.0070395728759467605
0.007045336179435253
0.007041938845068216
0.007056860085576773
0.007069708332419395
0.007093400899320841
0.007111895140260458
0.007128919176757335
0.007138961832970381
0.007167823798954487
0.007139920294284821
0.007094206921756267
0.007071547023952007
0.0070543759688735
0.007039986439049244
0.007037544511258602
0.007038516029715538
0.007030549291521311
0.007011101562529803
0.006997342240065336
0.007003587298095226
0.007001651581376791
0.0069971526227891444
0.006995476819574833
0.007002216875553131
0.007026490904390812
0.00704878157004714
0.007076743748039007
0.007086436785757541
0.007089827880263328
0.007127579152584076
0.007135513201355934
0.007114048190414906
0.007083624601364136
0.007062558475881815
0.007031026016920805
0.007003803513944149
0.006991610638797283
0.007006740290671587
0.007054241094738245
0.007065598238259554
0.0070635128393769266
0.00704543961212039
0.007031533792614937
0.007032580431550741
0.007024605367332697
0.007041110899299383
0.0070551448129117485
0.007048700526356697
0.007025449108332396
0.007011356465518474
0.007010687366127968
0.007007832396775484
0.006998623106628656
0.006999931838363409
0.006983064021915198
0.0069786556996405125
0.006994566153734922
0.00701982643455267
0.007033976223319769
0.007030655518174171
0.007027878146618605
0.0070150291733443735
0.006990450713783502
0.006986878570169211
0.007006324231624604
0.007009241506457329
0.006998256649821997
0.007008428480476141
0.007023128997534513
0.007041616775095463
0.007035973928868771
0.00703050309792161
0.007019377276301384
0.00700152462348342
0.006994516346603632
0.006981963608413935
0.0069656092487275605
0.006953181717544794
0.006936606913805008
0.006930892430245876
0.006936067156493664
0.006940537970513106
0.006937658395618201
0.006938533503562212
0.006939514856785536
0.006941420156508684
0.006989893838763237
0.00707725633867085
0.007091314010322094
0.007071299143135547
0.007046695798635483
0.007025236934423446
0.007004006188362837
0.006995106413960457
0.006980644650757313
0.00695418830960989
0.006947474535554648
0.006967188864946365
0.006975154615938664
0.006961363013833761
0.00694751400500536
0.006934603713452816
0.006932950913906098
0.0069284653849899765
0.006928934324532747
0.0069304068572819235
0.00694490872323513
0.0069447790272533895
0.006960782241076231
0.006998530142009258
0.007064521238207817
0.007093214578926563
0.007109859213232994
0.00707506101578474
0.007095451485365629
0.007068198006600142
0.007049167081713676
0.007021639309823513
0.006987691204994917
0.006960386745631695
0.006944889947772026
0.006934795659035444
0.0069223341345787046
0.006913452278822661
0.006896563712507487
0.006895639691501856
0.00689826799556613
0.0069062716886401174
0.006913709500804543
0.0069145564921200275
0.006911459434777498
0.006910917144268751
0.006918033380061388
0.006917832400649786
0.006927598975598812
0.006938429325819015
0.006932677235454321
0.0069390379078686235
0.006948213577270507
0.006949162594974041
0.006971261128783226
0.006967416666448116
0.006955464668571949
0.00695463452488184
0.00693302433937788
0.006911430768668652
0.006907295323908329
0.0069073750451207165
0.006904797069728375
0.0069140207767486575
0.006930570397526026
0.006924680769443512
0.0069245842657983305
0.0069294491410255435
0.00692362891510129
0.006936709899455309
0.0069495318830013275
0.006996479444205761
0.007024623118340969
0.007010481711477041
0.00697566444054246
0.006979260649532079
0.006963261850178242
0.006938865147531032
0.006928053572773933
0.006905247326940298
0.006883092056959868
0.0068703432381153106
0.00686344888061285
0.006865605730563402
0.006864027474075556
0.006871451456099749
0.006894773989915848
0.006949811382219196
0.006951662916690111
0.006946891751140356
0.00697818161919713
0.007087940573692322
0.0072135084122419355
0.007196282315999269
0.007105986475944519
0.007003657575696706
0.006929099317640066
0.006886376086622476
0.006856806855648756
0.006836706083267927
0.0068252175487577916
0.006827282402664423
0.006836110949516297
0.0068391953874379395
0.00685573898255825
0.006872246582061052
0.006875454057008028
0.006866420861333608
0.006860915087163449
0.006868222951889038
0.006879786495119333
0.006898894514888525
0.006929521951824427
0.006956721469759941
0.006952760368585586
0.00693552939221263
0.00691420141607523
0.006895342413336039
0.00688661091029644
0.006882414612919092
0.006882351338863373
0.006878566332161427
0.00687463503330946
0.006870319582521916
0.006864300724118948
0.00687498115003109
0.006913909437134862
0.006924985628575087
0.006900227330625057
0.00688859324902296
0.006900658374652266
0.006914621777832508
0.006912225969135761
0.006895830668509006
0.006908920630812645
0.00690070005133748
0.006877611391246319
0.0068662971258163456
0.006859951615333557
0.006951458528637886
0.007081615086644888
0.007059167549014092
0.007104565938934684
0.007049693781882524
0.006979457307606935
0.006934801712632179
0.006890794541686773
0.006868081912398338
0.006859349757432937
0.006877758782356977
0.006881617400795221
0.006886425390839577
0.006881580464541912
0.006855146568268538
0.006837639771401882
0.006825197320431471
0.006812307331711054
0.006808177847415209
0.006809866856783629
0.006816009394824505
0.006815685275942087
0.006814043689519167
0.006820072997361422
0.006839282214641571
0.006858477126806975
0.0068736403249204155
0.006888865157961845
0.006887677796185016
0.006908966060727835
0.006917585264891386
0.006911803465336561
0.006910561788827181
0.006896366383880376
0.00687266418710351
0.006864502895623446
0.006854884866625071
0.006855035573244095
0.0068779303133487705
0.006905758623033762
0.006936744842678308
0.006955156493932009
0.0069733283855021
0.006965513527393341
0.006941216867417097
0.006889943536370993
0.00685159258544445
0.006826709751039744
0.0068202875182032585
0.0068143559619784355
0.006813947949558497
0.006820748690515756
0.006821302305907011
0.006822767313569784
0.006824643798172474
0.006834160424768925
0.006845137290656567
0.006886554751545191
0.0069471440091729165
0.006960719358175993
0.006975235864520073
0.006946815811097622
0.006899827849119902
0.006860798802226782
0.006829560771584511
0.00680618729442358
0.006795056499540806
0.006787965930998325
0.006791887823492288
0.006794436816126109
0.006801811028271914
0.006827904209494591
0.006855375021696091
0.0068719441257417205
0.00687053706496954
0.006851772274821997
0.0068345914781093595
0.006821536049246788
0.006813809890300036
0.006813064981251955
0.006813901253044605
0.006814008988440037
0.006813032831996679
0.006821420546621084
0.006839994508773088
0.0068561876565217976
0.006874053925275803
0.006879372857511044
0.006865551769733429
0.006861296985298395
0.006859598364681006
0.006843170840293169
0.006841565985232592
0.006845665853470564
0.006870879828929901
0.006890762504190207
0.006880190465599298
0.0068629906326532365
0.0068366235494613644
0.006820885837078095
0.006812554523348808
0.006807112824171782
0.0068021081946790215
0.006809505298733711
0.006827320177108049
0.006855882629752159
0.006876237224787474
0.006934681218117475
0.006987239811569452
0.006960691064596176
0.006914023086428642
0.006871733432635665
0.00687512582167983
0.006862415224313736
0.0068479739315807815
0.00682250913232565
0.006802160460501909
0.006799559257924557
0.006800435800105333
0.00680417275056243
0.006801412096247077
0.0068014894984662535
0.006805635802447796
0.0068176016211509705
0.00681524446234107
0.006807776857167483
0.006804033219814301
0.006802598387002945
0.006810703231021762
0.006802723798900842
0.006799295991659165
0.006792567260563373
0.006796708852052688
0.006813706420361995
0.006823472175747156
0.006828951630741358
0.0068724766001105305
0.006873613353818655
0.006885723974555731
0.0068605718109756705
0.006842168476432562
0.006837086305022239
0.006845208834856748
0.006877837050706148
0.006859954167157412
0.0068330647423863414
0.006821051426231861
0.00682981826364994
0.006811496838927269
0.006801091432571411
0.0067866029590368275
0.006776018608361483
0.0067741828411817554
0.00677415981888771
0.0067823237366974355
0.0068040784634649755
0.0068229051679372784
0.006823259126394987
0.00684652054682374
0.006859367024153471
0.006846195869147777
0.006838582269847393
0.006839247308671474
0.0068293165788054465
0.006823587287217378
0.006822461169213057
0.00681922048330307
0.006808290965855121
0.006807239800691605
0.006803114749491215
0.006800125315785408
0.006798068415373564
0.0067920889146626
0.00679546819999814
0.006794586572796107
0.006786013394594193
0.006789365634322166
0.0068013162072747945
0.006814149226993322
0.0068272958509624
0.006883537843823433
0.006911380309611559
0.006916323415935039
0.006931754387915134
0.006939446050673723
0.006890608463436365
0.006838304102420807
0.006817636303603649
0.006807716842740774
0.006802992215380072
0.0068087238445878025
0.006825534626841545
0.0068390434049069885
0.006833963952958584
0.006847621090710163
0.0068415007367730145
0.0068313940614461895
0.0068110542930662635
0.0067996116541326045
0.006774915419518948
0.006748784855008125
0.0067340853810310365
0.006727178078144789
0.006724537946283817
0.00672394847497344
0.00673613091930747
0.006744817718863487
0.006753503121435642
0.006760297082364559
0.006766424216330051
0.006769982064142823
0.0067764964140951634
0.006788439285010099
0.006799188470467925
0.006790792495012283
0.0067979758791625496
0.006790276654064655
0.006776804309338331
0.006767200864851474
0.006763540618121624
0.006769575271755457
0.00677551044151187
0.006775086298584938
0.0067833148501813415
0.006795583199709654
0.006789440773427486
0.00679341958835721
0.006803732141852379
0.006804439388215542
0.0068102673441171645
0.006824263110756874
0.006823254022747278
0.006812497563660144
0.00683820916339755
0.006882368810474873
0.006893283519893885
0.006865154877305031
0.006869877465069294
0.00688723724335432
0.006870415359735489
0.006835641600191593
0.0068071592599153515
0.006775624360889196
0.006763927266001701
0.0067556979320943355
0.006741898413747549
0.006737261638045311
0.006732415817677975
0.006737478449940682
0.006742246579378843
0.006743882950395345
0.0067471833899617195
0.006774728428572416
0.006822852529585362
0.006932898666709661
0.006922718789428473
0.006879002507776022
0.006837913878262043
0.006825740598142147
0.0068083499930799
0.006795650739222765
0.006778478790074587
0.006765567995607853
0.006761633213609457
0.006745676463469863
0.006744746584445238
0.006742207556962967
0.0067564197815954685
0.006759729161858559
0.006766124665737152
0.006795884445309639
0.006787909399718046
0.006772632114589215
0.006777054090052843
0.00682330148294568
0.006934110634028911
0.006907060835510492
0.006856716070324183
0.00680982481688261
0.006772730704396963
0.006745169274508953
0.006740387920290232
0.006738331615924836
0.0067368741892278195
0.006733029689639807
0.006731922328472137
0.0067289678566157815
0.006727533601224423
0.0067262002639472485
0.006732493955641985
0.006746003385633231
0.006751425378024578
0.00674811776727438
0.00674871863797307
0.006748184561729431
0.0067479707300663
0.006763416901230812
0.006789265945553779
0.006789851151406765
0.006815775241702795
0.0068560618720948695
0.006871531717479229
0.006872673761099577
0.0068611735291779045
0.006853542327880859
0.006826468221843243
0.006800037492066622
0.006821953374892473
0.006829078141599894
0.0068045461177825926
0.006783267725259065
0.006764017641544342
0.0067489022761583325
0.006732175629585981
0.006721970848739147
0.006721551064401865
0.006728665977716446
0.006728582549840212
0.006728950887918472
0.00674026558175683
0.006738751679658889
0.00673696082085371
0.0067308093607425686
0.00674183925613761
0.006768493028357625
0.006791872195899487
0.0067862062901258464
0.006783497463911772
0.006800556313246489
0.006816794779151678
0.006810816451907158
0.006786378398537636
0.006764480769634247
0.00674944207072258
0.006741347536444664
0.006735867206007242
0.006734249647706747
0.006745278034359216
0.0067700822651386265
0.006772035844624043
0.006767027620226145
0.006750446781516075
0.006744549330323935
0.006740584913641215
0.006735554058104753
0.006726393159478903
0.006734120212495327
0.0067474710009992125
0.006751232855021954
0.006765524744987488
0.006771547812968492
0.006784203555434942
0.0067884550429880616
0.006778302695602178
0.006778373084962368
0.006790814232081175
0.006821117773652077
0.006809471994638443
0.006782456934452057
0.0067662357911467555
0.006745472718030214
0.006726498808711767
0.006718650888651609
0.006723424680531025
0.00673302860930562
0.006743159294128418
0.006760981548577547
0.006786894761025905
0.006842355001717806
0.006854037856683135
0.006861056201159954
0.006817819308489561
0.006778792105615139
0.0067500735074281695
0.006725278105586767
0.006710121314972639
0.006705063730478287
0.006700905319303274
0.006693586632609367
0.006689848601818085
0.006690919939428568
0.006700349031016231
0.00671805614605546
0.0067240862175822255
0.006744384877383709
0.006832272130995989
0.006885598078370094
0.006868102382868529
0.006821525897830725
0.006789288315922022
0.00676982369273901
0.006748378239572048
0.006726967748254538
0.006720959804952144
0.006719895247370005
0.006720281429588795
0.006718966700136661
0.006709093581885099
0.006699465047568083
0.006696733701974153
0.00670654471963644
0.006722847428172827
0.006725202975794673
0.006735780369490385
0.006744937151670456
0.006755711883306504
0.0067610742896795275
0.006761285541579128
0.006766188237816095
0.00677861750125885
0.006795188430696725
0.006779350098222494
0.006763926297426223
0.006750666573643684
0.0067472545430064205
0.0067456610314548015
0.006741900760680437
0.006734346114099026
0.006740197762846947
0.006748435106128454
0.006747848521918058
0.0067422940954566
0.006732444912195205
0.006719172745943069
0.006714082956314087
0.006705297958105803
0.006694355979561806
0.006690741600468755
0.006696995757520199
0.006702229715883732
0.006711106896400452
0.006747257076203823
0.006774074248969555
0.00741265419870615
0.00742008002474904
0.0072521820664405824
0.007052158024162054
0.006923153381794691
0.0068229899927973745
0.006759906820952892
0.006726039629429578
0.00670074513182044
