0.0163388364687562
0.015348550029098988
0.015028960525989532
0.01493525069952011
0.01410703081637621
0.013569444969296456
0.013180340453982354
0.012900960370898247
0.012632737703621387
0.012564287476241588
0.012698762953281402
0.012295751050114632
0.012140273094177246
0.012293742135167122
0.012118852026760578
0.011984115332365037
0.011805982552468777
0.011802361190319062
0.011683373525738717
0.011631309315562248
0.011487487196922302
0.011379824370145798
0.011273849718272687
0.011145002141594886
0.010987108279019595
0.010944575473666191
0.010994912408292293
0.010644318737089634
0.010478991277515889
0.010458014961332083
0.010319665562361479
0.010157438684254885
0.010103537868708372
0.009750117663294077
0.00955888395756483
0.009291122682392598
0.00895750416815281
0.008686102375388145
0.00847948132455349
0.008177436608821153
0.007889184847474098
0.007581391271203756
0.00725772649794817
0.007088597681373357
0.006776406794786453
0.00645961494371295
0.006153132643550634
0.006041688499972224
0.005844963978976011
0.005578476365655661
0.00543138099834323
0.005182856727391482
0.005033298740163446
0.0049213308673352
0.004791020324453711
0.004622142303735018
0.004485331116244197
0.0043492141887545585
0.004180250776931643
0.0041599976178258655
0.0039740875586867334
0.0039409284517169
0.003926331015303731
0.003765434350818396
0.003653327913954854
0.0035424279384315012
0.0035453274846076964
0.003402478888630867
0.003307786460965872
0.0032444509267807006
0.003254536250606179
0.003139111664146185
0.0030685105063021183
0.0031095867697149516
0.0029913158901035786
0.002992988569661975
0.002855991404503584
0.002841055219992995
0.002766289280727506
0.002724690305069089
0.0027383961174637077
0.002736782950349152
0.0026791278775781394
0.002638573871925473
0.0026259902119636536
0.0025206629252061247
0.00250013707857579
0.002515687427483499
0.0025324619868770243
0.002463728275150061
0.0024430930446833372
0.002387395741418004
0.002340897696092725
0.002307596676982939
0.00232981254439801
0.0023115650536492467
0.0022746260398998856
0.002257641613483429
0.0022137694908306
0.0022198604634031654
0.0021957175591960547
0.0023542248690500856
0.002415030010044575
0.002188638361170888
0.0020951918875798583
0.0020187379410490395
0.002075675727799535
0.002047785196453333
0.0020857876166701316
0.002045300263911486
0.0020175134427845476
0.0019567185379564763
0.0019837647210806607
0.0020353382313624026
0.002058166661299765
0.001970858688466251
0.0020705438153818248
0.002020593198016286
0.00197519276291132
0.0019321242487058043
0.0019046536851674318
0.0018393070343881845
0.001844660214148462
0.001925935379229486
0.001852052771486342
0.0019016741486266254
0.0018657199312001468
0.0018334021847695111
0.0018089426392689347
0.0017734814062714576
0.001812108028680086
0.0018081650817766786
0.0018079185318201781
0.0019309547655284405
0.001916084629483521
0.001828640296123922
0.0017906774990260601
0.0018613841077312827
0.0017540552113205195
0.0017191751040518284
0.0016602018708363176
0.0016419372437521816
0.0016347711635753513
0.0016298444960266352
0.0016621390702202916
0.0017734689228236676
0.0021321744937449695
0.001989334969781339
0.0019510411797091364
0.0017993474630638958
0.0016695897718891502
0.0015868363790214062
0.001542689154855907
0.00152753200288862
0.0015178499333560467
0.001545337438583374
0.0015709864739328623
0.001767589650116861
0.0017118726698681713
0.0016260323217138649
0.0017125705061480402
0.0016010215170681476
0.001564462131820619
0.0015778581202030182
0.0015386328529566526
0.001514657387509942
0.0015216544326394797
0.001596354897134006
0.0016659835753962398
0.0016457616500556468
0.0016428095018491148
0.0015982011305168272
0.0015323147103190422
0.001499323096126318
0.0014983267253264785
0.0015302031142637135
0.0015586076211184263
0.0015981293460354208
0.0017679527457803489
0.0016134038837626577
0.00154415868408978
0.0015107504948973656
0.001466113050468266
0.001433447523973882
0.0014366137906908988
0.0014502700250595807
0.001492042531259358
0.0017158021703362464
0.002023680333048105
0.001707344014197588
0.0015228110617026686
0.0014108272129669786
0.001375398000702262
0.0013673267988488077
0.0013624794706702233
0.0013549391706474125
0.0013812709916383027
0.0014093693532049657
0.0014370031794533134
0.0015320493662729859
