0.011973429761151327
0.010568010077501336
0.009614964853515666
0.009215857347418718
0.008935909412399518
0.008736968015357121
0.008643543781420472
0.008592522098208029
0.00847249540189902
0.008363626911030972
0.008361438695597006
0.008242526586971008
0.00827282716465347
0.008137575903103924
0.008080213636561645
0.007923005650952166
0.007747309631668031
0.007766412844990983
0.007627811303417034
0.00746818064191543
0.007257263025488047
0.007041792282560731
0.006777096432451086
0.00649474240729914
0.006273028817411293
0.005941649558771329
0.005716230159890198
0.005482442553757745
0.00516905508451529
0.004833891369201535
0.004630945814663873
0.004470182998178929
0.004356357394535022
0.004045373785272971
0.003905039807945928
0.0037091943234497425
0.0035755259016820905
0.003448393201574172
0.0032769644178687503
0.0032134454151816374
0.003094519961022717
0.00310138105551767
0.002942686425704582
0.0028185887129831256
0.0029191870331380736
0.0027318419163873163
0.002639986278475536
0.00257201059709997
0.0025381865065462667
0.0024960568886907663
0.0024525745744433474
0.0023718445856288515
0.0023050542924251847
0.0022981967965332683
0.0022867478923324276
0.0022247288034836234
0.002149505743884719
0.0020956344184620925
0.002071618915686165
0.0021710479963004737
0.0021178787927983293
0.002079493791896704
0.0020532855477558413
0.0020270415532685744
0.0019870111005444663
0.001963935844947164
0.001987513760218908
0.0019490433669667325
0.001973410474259735
0.0020043527423267197
0.0019374423085109277
0.0018639245427752315
0.0018214131448664429
0.0017935920138067256
0.0017833524816167339
0.001808882400498488
0.002078613596762914
0.001927890483856055
0.0017937705726545378
0.0017367251418238762
0.0017057688770970951
0.0016914623690764512
0.0016912431159403687
0.0018817562097455283
0.0019220923944992725
0.0017864513850095226
0.0016736864932931448
0.0016266789051074097
0.00161443204806168
0.0016096911855913955
0.0016149451622885524
0.0016636189841437062
0.0017224835687289562
0.001725649672295606
0.0016497383681673776
0.0015890251864523937
0.0015628203874061286
0.0015573707556434196
0.001573747741834571
0.0015805468291920774
0.0015961096896538877
0.001638929586168196
0.0015983216606614674
0.0016336689692323882
0.0016658205091588053
0.001791730012936408
0.001592229184347625
0.001530784264426021
0.0014863238217966521
0.0014656654110534444
0.0014629503974563204
0.001458511170223538
0.0014766439682502737
0.0014950058276892878
0.0015105977974028564
0.001484197115311034
0.001488474998897051
0.0014822142724833433
0.0014485721253817353
0.0014331227784186566
0.0014569933498255433
0.001491284675841384
0.001518054338007727
0.001508657291517867
0.001504548956005487
0.0014483398340149399
0.001417974425267483
0.0013873052139031499
0.0013628426286410175
0.0013650020931998048
0.0013821790715012991
0.0014427807016581223
0.0014744510556863365
0.001481614905916264
0.001411755313336685
0.0014367608122947608
0.0014277253386692382
0.0013888088861302309
0.0013482493440296465
0.0013348587823451916
0.0013230880793736444
0.001345239339998978
0.0014105659516359332
0.001428183511141505
0.0013779477374947758
0.001370259962962283
0.0013737450122682598
0.0013606311743690942
0.0013189544597658894
0.0013161670635157613
0.0013327549477610008
0.0013648553365640634
0.0013701993239901996
0.0013318098382453672
0.0013196144986888576
0.001302930597768293
0.0013031825661777938
0.0013174036473227555
0.001319172886010789
0.0013159443016561186
0.0012970695120291603
0.0013072450757117978
0.0013046861162829195
0.0013270837379797526
0.001344012865778424
0.0014748566683527886
0.0014142834789156184
0.0013488987760330714
0.0012777301479432294
0.0012290761968709856
0.0012217044377215572
0.0012141260850316315
0.0012362984059876123
0.001257128017160165
0.0012516360992437922
0.0012569826928894128
0.0012534027630988253
0.0013459791476705897
0.0012976527927379472
0.0012629317754865898
0.0012851895612673652
0.0012581063136024692
0.0012499098745905155
0.0012313934729557812
0.0012154505615506101
0.00120749883496376
0.001209278823522504
0.001319460632729198
0.0012839103295061481
0.0012490786403741723
0.0012309164460520168
0.0012327319469905512
0.0012156151251652844
0.0012102435470225435
0.0012116330877224933
0.0012059494645868922
0.0012146744919329078
0.001211335556695749
0.0012084754585064766
0.0012512402129633462
