0.014544841133269435
0.013446244956093265
0.013271253463541362
0.013207078914666642
0.013086188237797072
0.013025749933820033
0.01293289404468122
0.01291551271202505
0.012872745418353072
0.012802800675523831
0.012736573234094795
0.012715367874434443
0.0126296317680402
0.012580901575902251
0.012501188431674918
0.012319582118157377
0.01216254219848742
0.011943847429773486
0.011647973809034583
0.011371847965378077
0.01100089158268368
0.010673679072898647
0.010294960075262802
0.009989939175929266
0.009660031890879708
0.009334904191262544
0.009033599652098954
0.00875735211562603
0.008462979354241744
0.008152029706587922
0.007925814967140133
0.007679753233381408
0.007445984112151654
0.007242142186493527
0.007077008741742647
0.006916213503226321
0.006743646464607817
0.00658800287158988
0.006433540332652893
0.006327462252163401
0.006181750330968318
0.0060927689716167065
0.00602282807792385
0.005925805279852967
0.005801808521653532
0.005713457467879915
0.0056412393088511965
0.0055687242973569435
0.005476469094765947
0.005414759258059322
0.0053780043963342905
0.0052901027304721425
0.005236932205313698
0.005184580132708693
0.005118747481230831
0.005074201264015749
0.0050215560138714335
0.004987682930048529
0.004957433228532896
0.004958276157201341
0.004878363921307027
0.00481768963769316
0.004777509421902768
0.004756788277324844
0.004685692564280479
0.004663076132852981
0.004660929253503205
0.004628280597963496
0.004609642758410662
0.004582461048122363
0.004550283522913166
0.00448511345955999
0.0044690053199966115
0.004447437667598327
0.004436766273830852
0.00441463319964522
0.004358288214429684
0.00435097728515744
0.004325243705513735
0.0043390401554828945
0.004310490887162956
0.0042817482307011675
0.004260898815428323
0.004212796286818512
0.004204100216672829
0.00420751532949243
0.004182860276708049
0.004162950795441074
0.004174884183312509
0.004169266743598678
0.004092943717573657
0.004081446409113176
0.0040733531465859596
0.0040922672727231124
0.0040729214282085495
0.004036335482638567
0.004038596331762771
0.0039967168997709
0.00396320112016554
0.003962422744205869
0.003977106789998869
0.003950945265155206
0.003941241852404114
0.003931266429061268
0.003913160245898609
0.0038906043446589765
0.0038871581415176816
0.0038849700362824486
0.0038829026405257008
0.0038607198759873815
0.0038571573210985843
0.0038396160461748323
0.0038264884674551747
0.0037899260278725136
0.0038030413598654435
0.0037908187781704973
0.0037849976818229185
0.0038021142133808834
0.003782737931626327
0.003731583714888081
0.003706519580314081
0.0037123993821838435
0.0037049092550544027
0.003724236022317716
0.003713677207945932
0.003700714080317065
0.0037019358426068267
0.0036755501332276677
0.003661379876137044
0.0036324750201063272
0.0036401843556354866
0.0036583602278169695
0.0036496191024648172
0.003624885256322933
0.0036311350772751773
0.0036242819921252258
0.003605861679967889
0.003588216254613131
0.003577383719747952
0.0035936632193624973
0.0035788202460141894
0.0035484684358767058
0.0035528768133041813
0.0035456782867405432
0.00356956961290607
0.003558380270033335
0.0035490865715125455
0.0035058656486134368
0.0035052324318267563
0.0035171323944649373
0.0035165120634507944
0.0035028094632207608
0.003481825687328076
0.003479374376132239
0.003491716076296272
0.0034731267844095616
0.0034766476915105648
0.003462987269129578
0.0034701253860488744
0.0034394309515833645
0.0034408274334558147
0.003422260942459371
0.0034227424981534906
0.003464246538619623
0.003447190453034185
0.0034228724052680405
0.0034164769933327822
0.003420699845193654
0.0034205764111012536
0.0034046049117513583
0.003400567150344504
0.003400663085651736
0.0033719134302347474
0.0033633404325508903
0.0033525512677597554
0.0033652886157155247
0.003352233601720832
0.003340254768114933
0.0033809356383173493
0.003370883973672035
0.0033705767495095305
0.003343941229362543
0.0033372494182384287
0.003339314246252972
0.003333026231167481
0.0033218056873372155
0.003323524860922802
0.0033047537860982383
0.003303959850941831
0.003297094323388334
0.003298959816997567
0.0033276181136330605
0.0033197221139789367
0.0032708888596042675
0.003267187943867018
0.0032953261257420087
0.003295056586292513
0.0032826144122749777
0.003269164728046996
0.0032714622513001375
